8803543502
-9376825407
12171212326
-12868336441
9216790168
1820096666
-24041806659
61881924061
-120148984602
203611829409
-316427204807
461411352800
-639173853246
847163250924
-1078676621096
1321926370308
-1559255401884
1766628343790
-1913517744915
1963318739880
-1874415079623
1602005253148
-1100772208031
328446901430
749726273800
-2155665067967
3892367682187
-5937232921479
8235017758157
-10690744959124
13162977244346
-15458002879775
17325669502482
-18457880677248
18491190702679
-17015571739237
13592378814078
-7785917551197
-785059089621
12367095554667
-26951303996637
44098016754744
-62693008470364
80630078300446
-94443669410620
98988670901959
-87427213625169
52103117340327
12573619560595
-103466815615877
196722917967989
-233622702091136
126604505408694
146068650697649
-277620578013080
-332396590682482
-91462806031323
-25017221531756
7154655824481
-5932432792711
4192525899180
-2807188588432
1702438442347
-798790316755
0
798790316755
-1702438442347
2807188588432
-4192525899180
5932432792711
-7154655824481
25017221531756
91462806031323
332396590682482
277620578013080
-146068650697649
-126604505408694
233622702091136
-196722917967989
103466815615877
-12573619560595
-52103117340327
87427213625169
-98988670901959
94443669410620
-80630078300446
62693008470364
-44098016754744
26951303996637
-12367095554667
785059089621
7785917551197
-13592378814078
17015571739237
-18491190702679
18457880677248
-17325669502482
15458002879775
-13162977244346
10690744959124
-8235017758157
5937232921479
-3892367682187
2155665067967
-749726273800
-328446901430
1100772208031
-1602005253148
1874415079623
-1963318739880
1913517744915
-1766628343790
1559255401884
-1321926370308
1078676621096
-847163250924
639173853246
-461411352800
316427204807
-203611829409
120148984602
-61881924061
24041806659
-1820096666
-9216790168
12868336441
-12171212326
9376825407
-8803543502