8986710307
-16640627887
30766687084
-51271083739
79175009495
-115030377138
158638559944
-208750240906
262774809532
-316532363910
364091635752
-397737222968
408108721394
-384553250872
315717956715
-190397084392
-1370935412
266988599747
-609821833672
1027644155697
-1511116450076
2042436336243
-2594311005867
3129419064207
-3600524136226
3951394436370
-4118660071758
4034702234696
-3631625964571
2846315014027
-1626505666917
-62242463955
2228859802650
-4848602878824
7854700100140
-11130140856540
14499995288810
-17724726669435
20495089939912
-22429459208172
23074894882173
-21914119088266
18382101031166
-11898626651107
1927767165246
11917347062436
-29694176674621
50827129567896
-73611152563742
94438450626536
-106701518221355
99558733953537
-57590162665171
-35136925812541
176970121628025
-297687944932982
177348090360452
381768816696215
155170733072719
20217818644671
-6789137160401
12330831310273
-15960309756733
18212051639616
-18974633391024
18212051639616
-15960309756733
12330831310273
-6789137160401
20217818644671
155170733072719
381768816696215
177348090360452
-297687944932982
176970121628025
-35136925812541
-57590162665171
99558733953537
-106701518221355
94438450626536
-73611152563742
50827129567896
-29694176674621
11917347062436
1927767165246
-11898626651107
18382101031166
-21914119088266
23074894882173
-22429459208172
20495089939912
-17724726669435
14499995288810
-11130140856540
7854700100140
-4848602878824
2228859802650
-62242463955
-1626505666917
2846315014027
-3631625964571
4034702234696
-4118660071758
3951394436370
-3600524136226
3129419064207
-2594311005867
2042436336243
-1511116450076
1027644155697
-609821833672
266988599747
-1370935412
-190397084392
315717956715
-384553250872
408108721394
-397737222968
364091635752
-316532363910
262774809532
-208750240906
158638559944
-115030377138
79175009495
-51271083739
30766687084
-16640627887
8986710307