-473625503
741263985
-1234840066
1842465892
-2507497873
3123257284
-3522639173
3471294011
-2667019576
747846832
2689023389
-8055245922
15725581628
-25978151204
38922669593
-54419646605
71996291882
-90766144486
109361689323
-125890443339
137926016471
-142545604364
136424588077
-115996980188
77687102981
-18213788773
-65037142680
173582560063
-307371297670
464297315738
-639728013827
826084994956
-1012519455282
1184727570532
-1324952520391
1412218754380
-1422840756301
1331243386301
-1111124024916
736979354087
-186012874831
-559564686717
1509828813215
-2664005035969
4006855416579
-5504493577032
7099454077380
-8704709137744
10196109195323
-11402371228013
12091159427747
-11948837434500
10549837815191
-7308800682697
1403873368233
8348190707574
-23694939085452
47260438461943
-82909315258387
135413445356553
-203843103047503
224205064015275
495871687510148
-91008067378227
109783007815786
-91008067378227
495871687510148
224205064015275
-203843103047503
135413445356553
-82909315258387
47260438461943
-23694939085452
8348190707574
1403873368233
-7308800682697
10549837815191
-11948837434500
12091159427747
-11402371228013
10196109195323
-8704709137744
7099454077380
-5504493577032
4006855416579
-2664005035969
1509828813215
-559564686717
-186012874831
736979354087
-1111124024916
1331243386301
-1422840756301
1412218754380
-1324952520391
1184727570532
-1012519455282
826084994956
-639728013827
464297315738
-307371297670
173582560063
-65037142680
-18213788773
77687102981
-115996980188
136424588077
-142545604364
137926016471
-125890443339
109361689323
-90766144486
71996291882
-54419646605
38922669593
-25978151204
15725581628
-8055245922
2689023389
747846832
-2667019576
3471294011
-3522639173
3123257284
-2507497873
1842465892
-1234840066
741263985
-473625503