-6264998256
11570856181
-21369176896
35582509280
-54919757197
79771728661
-110021632360
144843826777
-182510390361
220227835790
-254032618694
278774328602
-288213862122
275262804691
-232379801877
152130801015
-27907129093
-145223395731
369572374604
-643852144786
962239733152
-1313571992600
1680770272515
-2040597357730
2363842830853
-2616021132138
2758645564449
-2751109294996
2553168232722
-2127978096355
1445589521820
-486759402717
-753106317681
2260102150390
-3998315859029
5906930499822
-7898204541162
9856586638741
-11639196557721
13077871635393
-13982945792452
14148907350579
-13362093809069
11410659584817
-8097246421252
3255179552896
3230246904020
-11392494111852
21141236341312
-32197076934083
43986638199023
-55468190430005
64836015642905
-69017680860553
62840718553179
-37778313882830
-19319909235347
124286440791143
-273674350722866
328305637199725
372672124852708
23802297952002
35780266336932
-37549915857446
38528670276478
-37549915857446
35780266336932
23802297952002
372672124852708
328305637199725
-273674350722866
124286440791143
-19319909235347
-37778313882830
62840718553179
-69017680860553
64836015642905
-55468190430005
43986638199023
-32197076934083
21141236341312
-11392494111852
3230246904020
3255179552896
-8097246421252
11410659584817
-13362093809069
14148907350579
-13982945792452
13077871635393
-11639196557721
9856586638741
-7898204541162
5906930499822
-3998315859029
2260102150390
-753106317681
-486759402717
1445589521820
-2127978096355
2553168232722
-2751109294996
2758645564449
-2616021132138
2363842830853
-2040597357730
1680770272515
-1313571992600
962239733152
-643852144786
369572374604
-145223395731
-27907129093
152130801015
-232379801877
275262804691
-288213862122
278774328602
-254032618694
220227835790
-182510390361
144843826777
-110021632360
79771728661
-54919757197
35582509280
-21369176896
11570856181
-6264998256