-5215766971
9110764367
-16266612541
26177410572
-38948562276
54292573007
-71379855889
88701003058
-103957796885
114011594546
-114911644603
102031210692
-70333002395
14777827709
69117731486
-184584136371
332788379257
-511953710078
716474012619
-936106210066
1155339610333
-1353054825131
1502592099222
-1572347333500
1527005566422
-1329503234182
943780648590
-338347964459
-509359319262
1607916730582
-2946284582793
4487835301229
-6164331672171
7870247458743
-9457936491490
10734309613493
-11459896460695
11351491773973
-10090080763675
7336501375154
-2758466450294
-3925687424360
12878640856181
-24039836267639
36970001846723
-50625825194713
63047942387063
-70964117794739
69374390294206
-51363636411608
8821754538910
64308853223847
-162987333643389
251642173771172
-236909914419445
-14097185881362
381631265264301
236007028632264
58991304902111
-16891864541581
27889620845911
-34041628420163
38670012121950
-41521892088133
42485192329437
-41521892088133
38670012121950
-34041628420163
27889620845911
-16891864541581
58991304902111
236007028632264
381631265264301
-14097185881362
-236909914419445
251642173771172
-162987333643389
64308853223847
8821754538910
-51363636411608
69374390294206
-70964117794739
63047942387063
-50625825194713
36970001846723
-24039836267639
12878640856181
-3925687424360
-2758466450294
7336501375154
-10090080763675
11351491773973
-11459896460695
10734309613493
-9457936491490
7870247458743
-6164331672171
4487835301229
-2946284582793
1607916730582
-509359319262
-338347964459
943780648590
-1329503234182
1527005566422
-1572347333500
1502592099222
-1353054825131
1155339610333
-936106210066
716474012619
-511953710078
332788379257
-184584136371
69117731486
14777827709
-70333002395
102031210692
-114911644603
114011594546
-103957796885
88701003058
-71379855889
54292573007
-38948562276
26177410572
-16266612541
9110764367
-5215766971