10165858863
-17869319943
31997858771
-51613578082
76939615932
-107408421860
141353720068
-175720484919
205831456402
-225267531416
225911856571
-198218460326
131754247263
-16051237712
-158210564292
397701347360
-704666112321
1074959832548
-1496025905290
1944997061287
-2387142299489
2774928411942
-3047998989981
3134395914040
-2953360802741
2420046586728
-1452438907439
-19264641176
2040654699650
-4618459371433
7703404647475
-11171037564225
14801407860407
-18259184364955
21076835292137
-22645129347708
22217685713807
-18939960034452
11918258072670
-351262598805
-16245466034856
37685126290482
-62591077311368
87708713117245
-107135641598307
111786331454004
-89883591712786
30101080072347
69996188611902
-187738754948914
255363337387538
-165462003785501
-114916775993648
252156914146159
340501405631513
92464334194384
28574286611060
259237615411
-8244153488571
17112374074147
-24989400957426
31543899620617
-36463141932715
39512129311321
-40544948607058
39512129311321
-36463141932715
31543899620617
-24989400957426
17112374074147
-8244153488571
259237615411
28574286611060
92464334194384
340501405631513
252156914146159
-114916775993648
-165462003785501
255363337387538
-187738754948914
69996188611902
30101080072347
-89883591712786
111786331454004
-107135641598307
87708713117245
-62591077311368
37685126290482
-16245466034856
-351262598805
11918258072670
-18939960034452
22217685713807
-22645129347708
21076835292137
-18259184364955
14801407860407
-11171037564225
7703404647475
-4618459371433
2040654699650
-19264641176
-1452438907439
2420046586728
-2953360802741
3134395914040
-3047998989981
2774928411942
-2387142299489
1944997061287
-1496025905290
1074959832548
-704666112321
397701347360
-158210564292
-16051237712
131754247263
-198218460326
225911856571
-225267531416
205831456402
-175720484919
141353720068
-107408421860
76939615932
-51613578082
31997858771
-17869319943
10165858863