-19539699796
34377570122
-61512408509
99048479071
-147223599644
204629225688
-267578609183
329512812385
-380529581455
407157792518
-392490790135
316815867988
-158856584447
-102277454140
484374631827
-998649790492
1645606248980
-2410418976856
3258154116672
-4129275897776
4936040904415
-5560545826440
5855356380060
-5647798106316
4749128688944
-2969899080914
142810376433
3845770170168
-9014875870216
15238671063207
-22188453580020
29271155173069
-35572827329310
39822193331132
-40399020957250
35425265957638
-22992906790035
1597362017115
29151092319058
-67496887755965
108260724208999
-141653103822135
153043685649135
-125372118557249
46727959010868
74779440790236
-191831744438476
213140616362752
-59355240198317
-175406791576178
101629976555101
383185871398887
142444027097065
89099442051106
-24974914065567
23719622660283
-13149696124090
2510133309429
8242903878090
-18526326276041
27801032135605
-35578615398862
41448291916446
-45099365835435
46338297676309
-45099365835435
41448291916446
-35578615398862
27801032135605
-18526326276041
8242903878090
2510133309429
-13149696124090
23719622660283
-24974914065567
89099442051106
142444027097065
383185871398887
101629976555101
-175406791576178
-59355240198317
213140616362752
-191831744438476
74779440790236
46727959010868
-125372118557249
153043685649135
-141653103822135
108260724208999
-67496887755965
29151092319058
1597362017115
-22992906790035
35425265957638
-40399020957250
39822193331132
-35572827329310
29271155173069
-22188453580020
15238671063207
-9014875870216
3845770170168
142810376433
-2969899080914
4749128688944
-5647798106316
5855356380060
-5560545826440
4936040904415
-4129275897776
3258154116672
-2410418976856
1645606248980
-998649790492
484374631827
-102277454140
-158856584447
316815867988
-392490790135
407157792518
-380529581455
329512812385
-267578609183
204629225688
-147223599644
99048479071
-61512408509
34377570122
-19539699796