9834084488
-21421294540
43131005627
-77274557920
127390145545
-196750513097
287740619760
-401053012738
534722796512
-683053626970
835518200070
-975754150253
1080814009320
-1120862216469
1059542370031
-855256311881
463600307614
158815129112
-1048981915148
2230449544574
-3704646496599
5440777539817
-7364754794420
9347953375367
-11197014703003
12646479448092
-13356728573655
12920565601710
-10882753653504
6777879120986
-192820503157
-9139498229506
21209321188511
-35560079639090
51085629586137
-65818181641641
76760812413263
-79867657997817
70345715343741
-43536246785550
-3308305771514
68112896488923
-140143520477009
196686409744659
-204151138485685
130905820480947
20137701837748
-165271322092137
137327957833876
136298588538701
-254589683185717
-320678250827859
-103455784271006
-66670275223023
41956976927425
-51447988318651
54589790787111
-55410508181401
53608398913014
-49264620668076
42576136894529
-33855099657585
23514064731461
-12045999593668
0
12045999593668
-23514064731461
33855099657585
-42576136894529
49264620668076
-53608398913014
55410508181401
-54589790787111
51447988318651
-41956976927425
66670275223023
103455784271006
320678250827859
254589683185717
-136298588538701
-137327957833876
165271322092137
-20137701837748
-130905820480947
204151138485685
-196686409744659
140143520477009
-68112896488923
3308305771514
43536246785550
-70345715343741
79867657997817
-76760812413263
65818181641641
-51085629586137
35560079639090
-21209321188511
9139498229506
192820503157
-6777879120986
10882753653504
-12920565601710
13356728573655
-12646479448092
11197014703003
-9347953375367
7364754794420
-5440777539817
3704646496599
-2230449544574
1048981915148
-158815129112
-463600307614
855256311881
-1059542370031
1120862216469
-1080814009320
975754150253
-835518200070
683053626970
-534722796512
401053012738
-287740619760
196750513097
-127390145545
77274557920
-43131005627
21421294540
-9834084488