22505304650
-42368403799
78973343182
-132479589168
205726668534
-300297511392
415703219864
-548487679301
691322942496
-832190920597
953782384540
-1033248634573
1042461464663
-948935045514
717541410230
-313135074172
-295855051590
1132874553822
-2207816124958
3510911995120
-5006257593372
6625412087908
-8261686408539
9765894914162
-10944540026512
11561620865685
-11345486504586
10002413217051
-7238845319174
2794444462118
3511825432849
-11720582400072
21654765995541
-32827190850472
44338056642320
-54775261046311
62143559583410
-63869729274772
56961970382204
-38442001363553
6207830521495
39508074873725
-94025814284185
145771926683816
-174752992623791
154973117614035
-66166072527252
-79557502759471
201686165753079
-152558806653190
-126613097460267
255289747782874
322162289171010
108437351603186
42330886362841
-13367570200105
14364475344815
-11785443192684
8966383969831
-6009518790346
3171321822357
-686381384086
-1244468570417
2467469065662
-2886101776396
2467469065662
-1244468570417
-686381384086
3171321822357
-6009518790346
8966383969831
-11785443192684
14364475344815
-13367570200105
42330886362841
108437351603186
322162289171010
255289747782874
-126613097460267
-152558806653190
201686165753079
-79557502759471
-66166072527252
154973117614035
-174752992623791
145771926683816
-94025814284185
39508074873725
6207830521495
-38442001363553
56961970382204
-63869729274772
62143559583410
-54775261046311
44338056642320
-32827190850472
21654765995541
-11720582400072
3511825432849
2794444462118
-7238845319174
10002413217051
-11345486504586
11561620865685
-10944540026512
9765894914162
-8261686408539
6625412087908
-5006257593372
3510911995120
-2207816124958
1132874553822
-295855051590
-313135074172
717541410230
-948935045514
1042461464663
-1033248634573
953782384540
-832190920597
691322942496
-548487679301
415703219864
-300297511392
205726668534
-132479589168
78973343182
-42368403799
22505304650