-13885111201
15519743241
-20772540106
23066175708
-18763950681
2845348916
31118044092
-90806044631
184768335922
-321771663230
509838095821
-754971748283
1059575991181
-1420629113580
1827687142645
-2260864793612
2688966398219
-3067995493927
3340315346703
-3434773503420
3268130195321
-2748159700446
1778798150488
-267707827272
-1863411707336
4665488651378
-8145567693630
12247161539423
-16827823077377
21634812202371
-26280553455888
30220858297502
-32740838268691
32956317696716
-29842655514523
22308360349195
-9337519094566
-9768410449165
35015998465145
-65187874898491
97166052935698
-125218900400900
140561800625692
-131865061752571
87916219141051
-4121389839705
-105984641558873
197087805624634
-191369876931382
27869054017540
198501513308480
-122038605571568
-375366390210464
-150065401803864
-75854038288712
23822552333239
-27536678238530
24503579964691
-21498539956970
18222114341821
-14756875716589
11161368003917
-7481464956893
3752053306411
0
-3752053306411
7481464956893
-11161368003917
14756875716589
-18222114341821
21498539956970
-24503579964691
27536678238530
-23822552333239
75854038288712
150065401803864
375366390210464
122038605571568
-198501513308480
-27869054017540
191369876931382
-197087805624634
105984641558873
4121389839705
-87916219141051
131865061752571
-140561800625692
125218900400900
-97166052935698
65187874898491
-35015998465145
9768410449165
9337519094566
-22308360349195
29842655514523
-32956317696716
32740838268691
-30220858297502
26280553455888
-21634812202371
16827823077377
-12247161539423
8145567693630
-4665488651378
1863411707336
267707827272
-1778798150488
2748159700446
-3268130195321
3434773503420
-3340315346703
3067995493927
-2688966398219
2260864793612
-1827687142645
1420629113580
-1059575991181
754971748283
-509838095821
321771663230
-184768335922
90806044631
-31118044092
-2845348916
18763950681
-23066175708
20772540106
-15519743241
13885111201