-13654841923
25466260482
-47252093943
78975961526
-122269253375
178033982324
-245989109342
324179867756
-408493125029
492231736147
-565819078654
616705031629
-629548975414
586754120436
-469407478487
258664720121
62412165586
-506597302818
1079894546485
-1778706551396
2586954487899
-3473368512271
4389220789078
-5266810587545
6019037451889
-6540424367052
6709959504367
-6396119907818
5464434187469
-3787920276404
1260704723506
2184906271653
-6557700252573
11783092184428
-17675061435654
23905084967713
-29969518147809
35158458324452
-38531961047923
38914379727982
-34925753775595
25082121024187
-8015877729105
-17107205039510
49871948763020
-87493273578989
123270623827509
-144927990327398
134058413649695
-69902109882130
-55991515513484
206043089586936
-252312551828144
15159162497022
339618042356082
262115791003566
46644147427500
17999789758351
-6405395404669
2422627067297
1557199599599
-4941780169823
7523114181470
-9139348647796
9689528840233
-9139348647796
7523114181470
-4941780169823
1557199599599
2422627067297
-6405395404669
17999789758351
46644147427500
262115791003566
339618042356082
15159162497022
-252312551828144
206043089586936
-55991515513484
-69902109882130
134058413649695
-144927990327398
123270623827509
-87493273578989
49871948763020
-17107205039510
-8015877729105
25082121024187
-34925753775595
38914379727982
-38531961047923
35158458324452
-29969518147809
23905084967713
-17675061435654
11783092184428
-6557700252573
2184906271653
1260704723506
-3787920276404
5464434187469
-6396119907818
6709959504367
-6540424367052
6019037451889
-5266810587545
4389220789078
-3473368512271
2586954487899
-1778706551396
1079894546485
-506597302818
62412165586
258664720121
-469407478487
586754120436
-629548975414
616705031629
-565819078654
492231736147
-408493125029
324179867756
-245989109342
178033982324
-122269253375
78975961526
-47252093943
25466260482
-13654841923