-17167607720
28526477287
-49404561067
76960588043
-110231997861
146488483324
-180638912285
204667706911
-207195922496
173265378700
-84486684349
-80323131427
343851348389
-728226750420
1252058289966
-1926513856115
2750440217785
-3704621704831
4745419902271
-5798205018389
6751216395476
-7450776405113
7699103343634
-7256381067992
5849178116839
-3187769254458
-1004665490331
6947761478285
-14741580492215
24284059999584
-35168690723259
46567667186399
-57114430089749
64813772648512
-67029295100856
60627682930885
-42394104473602
9860835620837
37319329050963
-95438285133454
154556345571176
-197124155642773
199649784657985
-141028282592293
21000740380140
114054063764854
-160859919507551
21254446739245
212612916135593
-129301772420534
-357544125713849
-150804597732845
-105916971028478
51143178560982
-67122003849195
70406562653962
-71882092088437
70584893040954
-66579468489159
60000099723282
-51087717063802
40179860881320
-27697237792656
14126496695009
0
-14126496695009
27697237792656
-40179860881320
51087717063802
-60000099723282
66579468489159
-70584893040954
71882092088437
-70406562653962
67122003849195
-51143178560982
105916971028478
150804597732845
357544125713849
129301772420534
-212612916135593
-21254446739245
160859919507551
-114054063764854
-21000740380140
141028282592293
-199649784657985
197124155642773
-154556345571176
95438285133454
-37319329050963
-9860835620837
42394104473602
-60627682930885
67029295100856
-64813772648512
57114430089749
-46567667186399
35168690723259
-24284059999584
14741580492215
-6947761478285
1004665490331
3187769254458
-5849178116839
7256381067992
-7699103343634
7450776405113
-6751216395476
5798205018389
-4745419902271
3704621704831
-2750440217785
1926513856115
-1252058289966
728226750420
-343851348389
80323131427
84486684349
-173265378700
207195922496
-204667706911
180638912285
-146488483324
110231997861
-76960588043
49404561067
-28526477287
17167607720