-2361947832
5178990855
-10522694172
19082142758
-31941394441
50266883938
-75208393504
107758244469
-148566990160
197718127365
-254468287046
316965949564
-381966233869
444567652332
-498000080960
533501465491
-540321908267
505898888963
-416245171210
256589336792
-12303031270
-329861542507
780211509069
-1344237169037
2020445196818
-2797951799308
3653915242371
-4550919550352
5434460566635
-6230732620486
6844971249020
-7160683529464
7040197241593
-6327097178206
4851309922407
-2437865081044
-1079265885747
5836345587359
-11909490115696
19271347342903
-27730582471086
36849303340811
-45833965014628
53398491167573
-57608142219386
55736829015733
-44224208842326
18928976495882
23917866818694
-85315944905980
158520218065533
-220547331542063
222566321073545
-95760495502736
-172068487272697
303220180946391
315682060433509
109426366418834
-9195251360226
27817643960010
-33279316042077
38107668184424
-41660924736731
43837121124741
-44569972161379
43837121124741
-41660924736731
38107668184424
-33279316042077
27817643960010
-9195251360226
109426366418834
315682060433509
303220180946391
-172068487272697
-95760495502736
222566321073545
-220547331542063
158520218065533
-85315944905980
23917866818694
18928976495882
-44224208842326
55736829015733
-57608142219386
53398491167573
-45833965014628
36849303340811
-27730582471086
19271347342903
-11909490115696
5836345587359
-1079265885747
-2437865081044
4851309922407
-6327097178206
7040197241593
-7160683529464
6844971249020
-6230732620486
5434460566635
-4550919550352
3653915242371
-2797951799308
2020445196818
-1344237169037
780211509069
-329861542507
-12303031270
256589336792
-416245171210
505898888963
-540321908267
533501465491
-498000080960
444567652332
-381966233869
316965949564
-254468287046
197718127365
-148566990160
107758244469
-75208393504
50266883938
-31941394441
19082142758
-10522694172
5178990855
-2361947832