-6845877857
9650381114
-15314910768
21859540324
-28435159892
33625382033
-35354244355
30835971292
-16588160982
-11468875579
57806178478
-126961590120
223082548754
-349341692936
507234773139
-695785901472
910702606463
-1143533881871
1380900377745
-1603881061629
1787647051805
-1901443711461
1909024747457
-1769640531596
1439678273215
-875043642624
34360490910
1116950229847
-2601667494458
4424818100197
-6566777016281
8975452590949
-11557639573820
14169708874340
-16607947753401
18599117492470
-19792236120202
19753340304187
-17966223482415
13844175713843
-6760979898736
-3885608189345
18557357552521
-37375575520216
59795789962100
-84107883395379
106726029767022
-121311775213808
118022956152785
-83820017091186
6153174658284
115285845882532
-242599639982670
264677808811587
-25313956967398
-331888020276340
-281676616459858
-16773469844960
-39435101639141
29835675502667
-24882042306399
19181179362876
-13038540523979
6595213416609
0
-6595213416609
13038540523979
-19181179362876
24882042306399
-29835675502667
39435101639141
16773469844960
281676616459858
331888020276340
25313956967398
-264677808811587
242599639982670
-115285845882532
-6153174658284
83820017091186
-118022956152785
121311775213808
-106726029767022
84107883395379
-59795789962100
37375575520216
-18557357552521
3885608189345
6760979898736
-13844175713843
17966223482415
-19753340304187
19792236120202
-18599117492470
16607947753401
-14169708874340
11557639573820
-8975452590949
6566777016281
-4424818100197
2601667494458
-1116950229847
-34360490910
875043642624
-1439678273215
1769640531596
-1909024747457
1901443711461
-1787647051805
1603881061629
-1380900377745
1143533881871
-910702606463
695785901472
-507234773139
349341692936
-223082548754
126961590120
-57806178478
11468875579
16588160982
-30835971292
35354244355
-33625382033
28435159892
-21859540324
15314910768
-9650381114
6845877857