4553518832
-8449892355
15651229027
-26138640534
40471506731
-58992208635
81689166615
-108050117971
136919116070
-166372814990
193636668545
-215061165487
226177820853
-221853957981
196557731952
-144739212634
61324095380
57696476113
-214606782879
409278140738
-638504080602
895419487078
-1169071431711
1444211862247
-1701377190487
1917311837191
-2065777302292
2118765247263
-2048107892650
1827448497148
-1434500633619
853493522297
-77670409479
-888319335180
2026310676656
-3302980502524
4668854750831
-6058131919986
7389462269621
-8567783484572
9487265323802
-10035360859852
10097904387630
-9565142174063
8338537489204
-6338162975307
3510493584146
163545005835
-4660314852229
9904833170825
-15761252581666
22021306833347
-28388435101930
34453159354512
-39651065548640
43185885456662
-43880346764927
39869616210758
-27926495299372
1844108126901
51858821654835
-166466468049422
422132446615774
332457685961922
-139199103468047
332457685961922
422132446615774
-166466468049422
51858821654835
1844108126901
-27926495299372
39869616210758
-43880346764927
43185885456662
-39651065548640
34453159354512
-28388435101930
22021306833347
-15761252581666
9904833170825
-4660314852229
163545005835
3510493584146
-6338162975307
8338537489204
-9565142174063
10097904387630
-10035360859852
9487265323802
-8567783484572
7389462269621
-6058131919986
4668854750831
-3302980502524
2026310676656
-888319335180
-77670409479
853493522297
-1434500633619
1827448497148
-2048107892650
2118765247263
-2065777302292
1917311837191
-1701377190487
1444211862247
-1169071431711
895419487078
-638504080602
409278140738
-214606782879
57696476113
61324095380
-144739212634
196557731952
-221853957981
226177820853
-215061165487
193636668545
-166372814990
136919116070
-108050117971
81689166615
-58992208635
40471506731
-26138640534
15651229027
-8449892355
4553518832