24029838504
-27355186766
36697613459
-40486822086
31773123870
-834144214
-64939574012
180798643978
-363920948154
632122293444
-1001859105207
1485498214838
-2087812745516
2801789085996
-3603896806470
4449121024816
-5266175496347
5953506200475
-6376871163220
6369495750466
-5736005899640
4261561788867
-1727763727565
-2063006905492
7253244052043
-13884794877280
21841895215192
-30784216937802
40074364753051
-48709052408649
55270467620280
-57924638417374
54507007522360
-42750482290903
20723313782911
12457652914604
-55610211616756
104248898403009
-149446338685158
177534084525518
-171972912295866
119226983895598
-20040274641063
-95784695738709
161963851783204
-101124680525047
-87522093338638
212331153349125
16019507125927
-341371083543145
-214407631014418
-135282090956966
27476641224401
-51093931006264
49878836869585
-49748951110564
48096413762570
-45161797730780
41046840715641
-35882534619436
29818717770021
-23019846963356
15661166591011
-7925412071981
0
7925412071981
-15661166591011
23019846963356
-29818717770021
35882534619436
-41046840715641
45161797730780
-48096413762570
49748951110564
-49878836869585
51093931006264
-27476641224401
135282090956966
214407631014418
341371083543145
-16019507125927
-212331153349125
87522093338638
101124680525047
-161963851783204
95784695738709
20040274641063
-119226983895598
171972912295866
-177534084525518
149446338685158
-104248898403009
55610211616756
-12457652914604
-20723313782911
42750482290903
-54507007522360
57924638417374
-55270467620280
48709052408649
-40074364753051
30784216937802
-21841895215192
13884794877280
-7253244052043
2063006905492
1727763727565
-4261561788867
5736005899640
-6369495750466
6376871163220
-5953506200475
5266175496347
-4449121024816
3603896806470
-2801789085996
2087812745516
-1485498214838
1001859105207
-632122293444
363920948154
-180798643978
64939574012
834144214
-31773123870
40486822086
-36697613459
27355186766
-24029838504