10066916586
-15660357695
26234432438
-39625992425
55023770853
-70705223484
83798016168
-90073916729
83826749710
-57868388986
3700825996
88092678166
-227191480990
422580595734
-681276859827
1006738923543
-1396991662514
1842533726348
-2324130451677
2810647049115
-3257127012283
3603374847779
-3773368154626
3675887553533
-3206820567117
2253673566233
-702893664684
-1549332175680
4582085107425
-8429819508472
13056952728232
-18326599955829
23963716802285
-29514063154438
34302466340217
-37397390735143
37594575228125
-33441439968768
23337036906776
-5759737361622
-20305735756693
54658012991403
-94820873782024
134678945084015
-163152462917040
163934916330595
-118550853326614
16564531581410
123272976842123
-225749948633030
163103666034528
110343040412608
-236760329436716
-355298011278000
-69659694238175
-72624629849071
48989869954428
-49244233547095
45737345686224
-40766786451081
34412537089086
-26889417408011
18451688064992
-9385721283485
0
9385721283485
-18451688064992
26889417408011
-34412537089086
40766786451081
-45737345686224
49244233547095
-48989869954428
72624629849071
69659694238175
355298011278000
236760329436716
-110343040412608
-163103666034528
225749948633030
-123272976842123
-16564531581410
118550853326614
-163934916330595
163152462917040
-134678945084015
94820873782024
-54658012991403
20305735756693
5759737361622
-23337036906776
33441439968768
-37594575228125
37397390735143
-34302466340217
29514063154438
-23963716802285
18326599955829
-13056952728232
8429819508472
-4582085107425
1549332175680
702893664684
-2253673566233
3206820567117
-3675887553533
3773368154626
-3603374847779
3257127012283
-2810647049115
2324130451677
-1842533726348
1396991662514
-1006738923543
681276859827
-422580595734
227191480990
-88092678166
-3700825996
57868388986
-83826749710
90073916729
-83798016168
70705223484
-55023770853
39625992425
-26234432438
15660357695
-10066916586