-21573239326
47106839867
-94876333311
169867684698
-279573519531
430613926811
-627207631849
869203055355
-1149728851085
1452602926393
-1749730668588
1998830500340
-2141939459792
2105264015258
-1801041162897
1132144979593
-194737266
-1682143923041
3974153725807
-6885194530530
10348383865073
-14191135083842
18105142122956
-21620170251359
24088332988751
-24688414701783
22463058277349
-16404810866120
5609009663722
10489668398482
-31788034991161
57103541414427
-83732287345167
107094133479804
-120684403186653
116677633565130
-87634318006804
29726114972371
52526162696101
-141197917335183
203102086500567
-197723435305759
102602976577438
44989915026851
-122269048841702
-6776453667180
256194662008800
-175168869083143
-290169181675238
-210133845079321
-69906815505950
9322260969522
-38428027031937
50868537388135
-62602112653658
71333207739679
-76691314326489
78363733865687
-76227312303243
70353525705080
-61007078615088
48633773025433
-33838294435693
17353084017883
0
-17353084017883
33838294435693
-48633773025433
61007078615088
-70353525705080
76227312303243
-78363733865687
76691314326489
-71333207739679
62602112653658
-50868537388135
38428027031937
-9322260969522
69906815505950
210133845079321
290169181675238
175168869083143
-256194662008800
6776453667180
122269048841702
-44989915026851
-102602976577438
197723435305759
-203102086500567
141197917335183
-52526162696101
-29726114972371
87634318006804
-116677633565130
120684403186653
-107094133479804
83732287345167
-57103541414427
31788034991161
-10489668398482
-5609009663722
16404810866120
-22463058277349
24688414701783
-24088332988751
21620170251359
-18105142122956
14191135083842
-10348383865073
6885194530530
-3974153725807
1682143923041
194737266
-1132144979593
1801041162897
-2105264015258
2141939459792
-1998830500340
1749730668588
-1452602926393
1149728851085
-869203055355
627207631849
-430613926811
279573519531
-169867684698
94876333311
-47106839867
21573239326