2333388311
-4016359742
7110915138
-11349286364
16739989653
-23110974306
30046360240
-36830942100
42408845208
-45370046200
43973891411
-36220779606
19980729504
6816843415
-45931769645
98506492968
-164718364586
243412419744
-331744434589
424871914550
-515736084921
594981536518
-651061115971
670570025401
-638845368090
540855747599
-362388910098
91524643652
279643304483
-753098487440
1322895540853
-1973171940023
2676317494490
-3391462979160
4063466612792
-4622590457213
4985070252272
-5054793886610
4726320585826
-3889504473788
2436045626211
-268398706600
-2688345284858
6470679205827
-11055577736084
16331864398839
-22060639847970
27819602293000
-32923680154361
36311599478391
-36386362987974
30802751400322
-16225000557649
-11811540233222
58442324491290
-126830088690641
208588465001854
-254807240692897
109605398546545
464819428551047
88020014038982
56064576012974
-51682126651126
54278903063491
-55130404447047
54278903063491
-51682126651126
56064576012974
88020014038982
464819428551047
109605398546545
-254807240692897
208588465001854
-126830088690641
58442324491290
-11811540233222
-16225000557649
30802751400322
-36386362987974
36311599478391
-32923680154361
27819602293000
-22060639847970
16331864398839
-11055577736084
6470679205827
-2688345284858
-268398706600
2436045626211
-3889504473788
4726320585826
-5054793886610
4985070252272
-4622590457213
4063466612792
-3391462979160
2676317494490
-1973171940023
1322895540853
-753098487440
279643304483
91524643652
-362388910098
540855747599
-638845368090
670570025401
-651061115971
594981536518
-515736084921
424871914550
-331744434589
243412419744
-164718364586
98506492968
-45931769645
6816843415
19980729504
-36220779606
43973891411
-45370046200
42408845208
-36830942100
30046360240
-23110974306
16739989653
-11349286364
7110915138
-4016359742
2333388311