-5255887602
1490051114
2298985584
-11289751550
28172591954
-56193373454
98962166341
-160142659613
243005369980
-349839796898
481240247053
-635296879605
806743338599
-986133821252
1159145292867
-1306116568651
1401946692638
-1416483402679
1315529228042
-1062575388897
621348665678
40781172584
-948540798172
2113710693472
-3529446781435
5164204927581
-6955606870118
8804698907492
-10571192762392
12070436923378
-13073059718864
13308489062840
-12473875098538
10250380833075
-6329367891220
451666645420
7536126101591
-17603807958228
29433689763063
-42287874643116
54849300689509
-65052183592621
69945030295539
-65682638599245
47837956634819
-12373853398405
-42197199431932
110843075975648
-176085266481349
202318903813875
-139483217517895
-41014535741391
247874357788094
-168653851748643
-345696658190818
-189570203344865
-13127642799049
-26044206080700
23034720608022
-21926427362884
19358521288184
-15626501560850
10962260755666
-5648009332917
0
5648009332917
-10962260755666
15626501560850
-19358521288184
21926427362884
-23034720608022
26044206080700
13127642799049
189570203344865
345696658190818
168653851748643
-247874357788094
41014535741391
139483217517895
-202318903813875
176085266481349
-110843075975648
42197199431932
12373853398405
-47837956634819
65682638599245
-69945030295539
65052183592621
-54849300689509
42287874643116
-29433689763063
17603807958228
-7536126101591
-451666645420
6329367891220
-10250380833075
12473875098538
-13308489062840
13073059718864
-12070436923378
10571192762392
-8804698907492
6955606870118
-5164204927581
3529446781435
-2113710693472
948540798172
-40781172584
-621348665678
1062575388897
-1315529228042
1416483402679
-1401946692638
1306116568651
-1159145292867
986133821252
-806743338599
635296879605
-481240247053
349839796898
-243005369980
160142659613
-98962166341
56193373454
-28172591954
11289751550
-2298985584
-1490051114
5255887602