2876458225
-133649923
-4135109457
14208000490
-33630050145
67038152783
-120073667461
199115965957
-310772447284
461069128273
-654300372164
891519944744
-1168690943101
1474559840868
-1788379618831
2077680322163
-2296370340809
2383544862131
-2263475591936
1847352211410
-1037432692603
-265680907864
2151907299979
-4686015324514
7886917553962
-11701786933957
15975488660722
-20416859881939
24564992804322
-27761100677685
29135018025077
-27620109430401
22016334188820
-11127886495178
-5992530391212
29660240657295
-59016329687983
91348378708149
-121389974429102
140893159862467
-139056159495972
104756419775244
-31775608988273
-72331968172535
175785502532737
-219527709805034
141756057413435
46665015927556
-163818259043747
-59699015934855
384129186997386
190179874681005
140100021752430
-27236324258297
33685683670509
-19011531370444
5256740934198
8939576816010
-22859620121128
35893862470385
-47463760936934
57052133784901
-64228041593210
68667699458521
-70170271252789
68667699458521
-64228041593210
57052133784901
-47463760936934
35893862470385
-22859620121128
8939576816010
5256740934198
-19011531370444
33685683670509
-27236324258297
140100021752430
190179874681005
384129186997386
-59699015934855
-163818259043747
46665015927556
141756057413435
-219527709805034
175785502532737
-72331968172535
-31775608988273
104756419775244
-139056159495972
140893159862467
-121389974429102
91348378708149
-59016329687983
29660240657295
-5992530391212
-11127886495178
22016334188820
-27620109430401
29135018025077
-27761100677685
24564992804322
-20416859881939
15975488660722
-11701786933957
7886917553962
-4686015324514
2151907299979
-265680907864
-1037432692603
1847352211410
-2263475591936
2383544862131
-2296370340809
2077680322163
-1788379618831
1474559840868
-1168690943101
891519944744
-654300372164
461069128273
-310772447284
199115965957
-120073667461
67038152783
-33630050145
14208000490
-4135109457
-133649923
2876458225