4744865768
-4735794570
5875639544
-5723890301
3088510272
3591086380
-16210997522
36914234898
-67935633312
111375980274
-168906615858
241410939438
-328584166945
428516126396
-537292639084
648663562639
-753821912772
841351840508
-897390133200
906050197828
-850135087537
712157220713
-475655312108
126776219493
343939925569
-939661123567
1655366910475
-2476093370056
3375474771275
-4314744515367
5242356605977
-6094374302375
6795749930372
-7262581243096
7405388278211
-7133401919254
6359804913973
-5007814322897
3017454506021
-352844556224
-2990177814507
6976242936206
-11522520155435
16490616577166
-21678046064795
26808718050888
-31521485073087
35355237097403
-37728331244299
37909378656352
-34975918959822
27758474704124
-14773505995037
-5829244166593
36208789163836
-78347680266790
132135869344705
-188869869001234
210564129741730
-71886550933726
-489133760416210
-90522377243985
-21606623464033
8932549258714
0
-8932549258714
21606623464033
90522377243985
489133760416210
71886550933726
-210564129741730
188869869001234
-132135869344705
78347680266790
-36208789163836
5829244166593
14773505995037
-27758474704124
34975918959822
-37909378656352
37728331244299
-35355237097403
31521485073087
-26808718050888
21678046064795
-16490616577166
11522520155435
-6976242936206
2990177814507
352844556224
-3017454506021
5007814322897
-6359804913973
7133401919254
-7405388278211
7262581243096
-6795749930372
6094374302375
-5242356605977
4314744515367
-3375474771275
2476093370056
-1655366910475
939661123567
-343939925569
-126776219493
475655312108
-712157220713
850135087537
-906050197828
897390133200
-841351840508
753821912772
-648663562639
537292639084
-428516126396
328584166945
-241410939438
168906615858
-111375980274
67935633312
-36914234898
16210997522
-3591086380
-3088510272
5723890301
-5875639544
4735794570
-4744865768