22405113106
-45902439448
89720861142
-157151294424
254456731646
-387382534470
560131960205
-774067135963
1026155957849
-1307250097993
1600294320845
-1878646699009
2104718779036
-2229213325321
2191283115649
-1919967985493
1337315410184
-363575695030
-1075139124273
3036416146741
-5548132275572
8592078461705
-12084963234648
15857619649505
-19633956508104
23012211835140
-25452454232939
26276132242504
-24685808180985
19815931223884
-10828243314861
-2932716645040
21709384409562
-45018467468817
71266568329579
-97343700079664
118314225544464
-127435810132725
116886158421151
-79720307031091
13575041379724
73851139486104
-159082779856781
201800082708587
-158097406192117
19218926741247
130560440895159
-106024196919274
-178593422974363
302569862285054
254787881922858
176903198988994
813712326264
27761151355167
-13436136162109
3791965723111
6349348928966
-16267897865842
25649249666528
-34182115997612
41584139236057
-47610776561767
52063201869194
-54794686248882
55715282256995
-54794686248882
52063201869194
-47610776561767
41584139236057
-34182115997612
25649249666528
-16267897865842
6349348928966
3791965723111
-13436136162109
27761151355167
813712326264
176903198988994
254787881922858
302569862285054
-178593422974363
-106024196919274
130560440895159
19218926741247
-158097406192117
201800082708587
-159082779856781
73851139486104
13575041379724
-79720307031091
116886158421151
-127435810132725
118314225544464
-97343700079664
71266568329579
-45018467468817
21709384409562
-2932716645040
-10828243314861
19815931223884
-24685808180985
26276132242504
-25452454232939
23012211835140
-19633956508104
15857619649505
-12084963234648
8592078461705
-5548132275572
3036416146741
-1075139124273
-363575695030
1337315410184
-1919967985493
2191283115649
-2229213325321
2104718779036
-1878646699009
1600294320845
-1307250097993
1026155957849
-774067135963
560131960205
-387382534470
254456731646
-157151294424
89720861142
-45902439448
22405113106