3940257720
-4246637097
5640145395
-6287904659
5322979147
-1584039753
-6368872778
20197421432
-41679551539
72548109139
-114276254836
167813946453
-233285945710
309674407982
-394507624106
483591845571
-570818126252
648087539719
-705388966875
731064109152
-712283865074
635747979033
-488603745108
259561086228
59839077040
-473867302555
981243672237
-1573869947951
2235768736902
-2942345671475
3660089410530
-4346810912038
4952504372361
-5420882474655
5691601144976
-5703146448934
5396310225072
-4718133947858
3626156467349
-2092763474798
109410197081
2309526578276
-5123508446208
8263429319690
-11630225384557
15094623502584
-18498069530990
21654775203198
-24354695000759
26367085748571
-27444096979369
27323558247225
-25729703148685
22369862720744
-16923877215797
9020455851114
1810616751227
-16233720201393
35303905518941
-60904079797996
96840625883356
-152128901375969
254125827445335
-540425439159467
0
540425439159467
-254125827445335
152128901375969
-96840625883356
60904079797996
-35303905518941
16233720201393
-1810616751227
-9020455851114
16923877215797
-22369862720744
25729703148685
-27323558247225
27444096979369
-26367085748571
24354695000759
-21654775203198
18498069530990
-15094623502584
11630225384557
-8263429319690
5123508446208
-2309526578276
-109410197081
2092763474798
-3626156467349
4718133947858
-5396310225072
5703146448934
-5691601144976
5420882474655
-4952504372361
4346810912038
-3660089410530
2942345671475
-2235768736902
1573869947951
-981243672237
473867302555
-59839077040
-259561086228
488603745108
-635747979033
712283865074
-731064109152
705388966875
-648087539719
570818126252
-483591845571
394507624106
-309674407982
233285945710
-167813946453
114276254836
-72548109139
41679551539
-20197421432
6368872778
1584039753
-5322979147
6287904659
-5640145395
4246637097
-3940257720