6851274123
-12854561299
23958722239
-40247748975
62682515031
-91923180245
128117009212
-170666507925
217996365975
-267342179122
314592515657
-354214508313
379295509564
-381731414645
352582764007
-282613649424
163013121990
13718478489
-252750876087
555827608539
-920164585343
1337429760900
-1792905510325
2264939658666
-2724788684769
3136950314548
-3460062498709
3648418276911
-3654113681419
3429802951592
-2931990411726
2124744113593
-983671025376
-500044136184
2315761404199
-4429910907320
6783163229154
-9288469830854
11830164228217
-14264264160515
16420050582981
-18102924658904
19098468933018
-19177574269047
18102455740654
-15633402641209
11536241818837
-5590833716346
-2398338096585
12586895142441
-25064906581081
39808709820668
-56584500367174
74748609405217
-92824193054071
107586743886758
-112060378710688
91153369472231
-12954767599745
-180260864022279
492284783713126
212121960655250
19005911389182
-3729809796489
3034500407135
-3729809796489
19005911389182
212121960655250
492284783713126
-180260864022279
-12954767599745
91153369472231
-112060378710688
107586743886758
-92824193054071
74748609405217
-56584500367174
39808709820668
-25064906581081
12586895142441
-2398338096585
-5590833716346
11536241818837
-15633402641209
18102455740654
-19177574269047
19098468933018
-18102924658904
16420050582981
-14264264160515
11830164228217
-9288469830854
6783163229154
-4429910907320
2315761404199
-500044136184
-983671025376
2124744113593
-2931990411726
3429802951592
-3654113681419
3648418276911
-3460062498709
3136950314548
-2724788684769
2264939658666
-1792905510325
1337429760900
-920164585343
555827608539
-252750876087
13718478489
163013121990
-282613649424
352582764007
-381731414645
379295509564
-354214508313
314592515657
-267342179122
217996365975
-170666507925
128117009212
-91923180245
62682515031
-40247748975
23958722239
-12854561299
6851274123