1946966635
-2631281627
4089140927
-5715863993
7265971673
-8351811850
8427443331
-6784602001
2567270840
5192915851
-17514979988
35380542022
-59619155905
90770175590
-128927382469
173575825937
-223432184981
276304249516
-328985487219
377201756983
-415627368956
437985541422
-437244565494
405917420538
-336465798978
221802671337
-55880548442
-165655076869
444775166901
-780372971537
1167604372461
-1597303266676
2055512583517
-2523168664141
2975971503504
-3384465809156
3714348347242
-3927005949316
3980278036192
-3829427811784
3428298852950
-2730631606680
1691519996723
-269004754919
-1574165747292
3868514582662
-6635356434559
9883478469661
-13604286702968
17764163862857
-22291762552276
27056023703623
-31826915184527
36203140090196
-39474577022172
40350505421016
-36399084295403
22835699074560
10213693399527
-83963909553886
242712850500305
-527314549963107
-204221434054398
-8524784937392
0
8524784937392
204221434054398
527314549963107
-242712850500305
83963909553886
-10213693399527
-22835699074560
36399084295403
-40350505421016
39474577022172
-36203140090196
31826915184527
-27056023703623
22291762552276
-17764163862857
13604286702968
-9883478469661
6635356434559
-3868514582662
1574165747292
269004754919
-1691519996723
2730631606680
-3428298852950
3829427811784
-3980278036192
3927005949316
-3714348347242
3384465809156
-2975971503504
2523168664141
-2055512583517
1597303266676
-1167604372461
780372971537
-444775166901
165655076869
55880548442
-221802671337
336465798978
-405917420538
437244565494
-437985541422
415627368956
-377201756983
328985487219
-276304249516
223432184981
-173575825937
128927382469
-90770175590
59619155905
-35380542022
17514979988
-5192915851
-2567270840
6784602001
-8427443331
8351811850
-7265971673
5715863993
-4089140927
2631281627
-1946966635