-6155639260
6254168599
-7846397456
7794371748
-4524582125
-4042337964
20456490212
-47630294757
88641613305
-146438009351
223443458758
-321073408479
439181456449
-575470349888
724911703677
-879238716600
1026571442387
-1151255783303
1233982930448
-1252263280099
1181305305132
-995339300641
669395015127
-181512202857
-484672427608
1337056807153
-2372055594348
3571601094125
-4900360826387
6303391024935
-7704462233483
9005295840177
-10085951255916
10806593542694
-11010870588898
10531132869650
-9195761398518
6838942783296
-3313374198956
-1493373302619
7637714535715
-15092426099991
23709997845441
-33173320309358
42928795446970
-52095915347874
59347747981517
-62761786491240
59658108668594
-46490369609437
18977134460481
27053148430930
-93012798986327
170873394897887
-229057483639052
191494597595623
52990398831438
-411538705759731
-228094988191947
-47204636373299
5384803065624
-6283026361262
4537765817136
-2380098068194
0
2380098068194
-4537765817136
6283026361262
-5384803065624
47204636373299
228094988191947
411538705759731
-52990398831438
-191494597595623
229057483639052
-170873394897887
93012798986327
-27053148430930
-18977134460481
46490369609437
-59658108668594
62761786491240
-59347747981517
52095915347874
-42928795446970
33173320309358
-23709997845441
15092426099991
-7637714535715
1493373302619
3313374198956
-6838942783296
9195761398518
-10531132869650
11010870588898
-10806593542694
10085951255916
-9005295840177
7704462233483
-6303391024935
4900360826387
-3571601094125
2372055594348
-1337056807153
484672427608
181512202857
-669395015127
995339300641
-1181305305132
1252263280099
-1233982930448
1151255783303
-1026571442387
879238716600
-724911703677
575470349888
-439181456449
321073408479
-223443458758
146438009351
-88641613305
47630294757
-20456490212
4042337964
4524582125
-7794371748
7846397456
-6254168599
6155639260