-4101135393
7807658656
-14674838552
24848284725
-39008697830
57683601293
-81117528671
109126453462
-140945825477
175085797192
-209211877890
240068694944
-263467995106
274359908714
-267003077548
235246278221
-172924811531
74367400657
65000556530
-247984752019
474917061722
-742965216444
1045513833271
-1371676849495
1706004474471
-2028445371468
2314615338015
-2536412735646
2663003699211
-2662177802539
2502052249223
-2153077656387
1590273467724
-795599778320
-239644797153
1512520363044
-3006361193917
4689024474650
-6511569212464
8407432700941
-10292129774890
12063447936013
-13602049485286
14772318214652
-15423206213154
15388746247746
-14487794938664
12522466746958
-9274619891109
4499696467520
2082694188126
-10801538622773
22048872388112
-36289102185524
54041551777528
-75771579435376
101496375269600
-129501899615145
152180389467716
-141993287731164
2783170866724
554390850584854
38013385317893
59302027275933
-58250130070043
59302027275933
38013385317893
554390850584854
2783170866724
-141993287731164
152180389467716
-129501899615145
101496375269600
-75771579435376
54041551777528
-36289102185524
22048872388112
-10801538622773
2082694188126
4499696467520
-9274619891109
12522466746958
-14487794938664
15388746247746
-15423206213154
14772318214652
-13602049485286
12063447936013
-10292129774890
8407432700941
-6511569212464
4689024474650
-3006361193917
1512520363044
-239644797153
-795599778320
1590273467724
-2153077656387
2502052249223
-2662177802539
2663003699211
-2536412735646
2314615338015
-2028445371468
1706004474471
-1371676849495
1045513833271
-742965216444
474917061722
-247984752019
65000556530
74367400657
-172924811531
235246278221
-267003077548
274359908714
-263467995106
240068694944
-209211877890
175085797192
-140945825477
109126453462
-81117528671
57683601293
-39008697830
24848284725
-14674838552
7807658656
-4101135393