-4524794361
9772676454
-19587772328
34963442615
-57455188628
88494150657
-129117916709
179626514800
-239175072473
305325957362
-373596295301
437051151806
-486005611499
507910341663
-487503698728
407316156006
-248608810052
-7184262690
376461939987
-870895428713
1494330463869
-2239238707386
3082873402081
-3983366771308
4876100905470
-5670794570746
6249870243001
-6468810988320
6159375200867
-5136726119584
3211732558241
-209918758906
-4001266607794
9475075436050
-16136303561548
23719273669693
-31693441042944
39180487428268
-44873368339438
46979826432598
-43233565855342
31049445038706
-7947270670539
-27572898424346
74481800696266
-126848535931922
170912012531370
-183113981045928
133445080513518
-3057944808199
-173073292093894
250842927003866
-26695670197689
-313700088739951
-286962125018897
-22999768428563
-56618419982823
47022700138844
-45470045132964
41372259935270
-35491788587242
28067360213240
-19420419671301
9926747564558
0
-9926747564558
19420419671301
-28067360213240
35491788587242
-41372259935270
45470045132964
-47022700138844
56618419982823
22999768428563
286962125018897
313700088739951
26695670197689
-250842927003866
173073292093894
3057944808199
-133445080513518
183113981045928
-170912012531370
126848535931922
-74481800696266
27572898424346
7947270670539
-31049445038706
43233565855342
-46979826432598
44873368339438
-39180487428268
31693441042944
-23719273669693
16136303561548
-9475075436050
4001266607794
209918758906
-3211732558241
5136726119584
-6159375200867
6468810988320
-6249870243001
5670794570746
-4876100905470
3983366771308
-3082873402081
2239238707386
-1494330463869
870895428713
-376461939987
7184262690
248608810052
-407316156006
487503698728
-507910341663
486005611499
-437051151806
373596295301
-305325957362
239175072473
-179626514800
129117916709
-88494150657
57455188628
-34963442615
19587772328
-9772676454
4524794361