8466930923
-1065775279
-6974016282
25074085717
-58296144894
112753636486
-195235330440
312597265642
-470882829449
674156980081
-923071384563
1213215052107
-1533349643777
1863674514476
-2174314842045
2424275721148
-2561145820662
2521865057005
-2234890807536
1624093355695
-614684382942
-858581222937
2840782481878
-5343801417386
8331115644966
-11700956389483
15268813074055
-18750877741874
21750858361001
-23753738931003
24131601469854
-22168583245649
17114420144883
-8278560958584
-4821193517081
22241699534615
-43320739345969
66314702084516
-88013148827123
103448347148204
-105942642370059
87921784537768
-43132036127784
-29033259392340
116934835585285
-189812316804712
197885036809696
-95127996443285
-97062085726567
207488145587469
12559580525008
-340668656878909
-243124653296128
-80946184454812
-19402065605115
9131156353342
-13959732354802
16229114469267
-17229053599651
16888249295275
-15276806027325
12541191034547
-8896419697118
4612911147455
0
-4612911147455
8896419697118
-12541191034547
15276806027325
-16888249295275
17229053599651
-16229114469267
13959732354802
-9131156353342
19402065605115
80946184454812
243124653296128
340668656878909
-12559580525008
-207488145587469
97062085726567
95127996443285
-197885036809696
189812316804712
-116934835585285
29033259392340
43132036127784
-87921784537768
105942642370059
-103448347148204
88013148827123
-66314702084516
43320739345969
-22241699534615
4821193517081
8278560958584
-17114420144883
22168583245649
-24131601469854
23753738931003
-21750858361001
18750877741874
-15268813074055
11700956389483
-8331115644966
5343801417386
-2840782481878
858581222937
614684382942
-1624093355695
2234890807536
-2521865057005
2561145820662
-2424275721148
2174314842045
-1863674514476
1533349643777
-1213215052107
923071384563
-674156980081
470882829449
-312597265642
195235330440
-112753636486
58296144894
-25074085717
6974016282
1065775279
-8466930923