1902853611
-4040777277
8016827221
-14174108738
23072657037
-35190268940
50809173575
-69875474081
91837442111
-115473615416
138726802714
-158565140836
170895927067
-170561532748
151448167111
-106737591963
29328065404
87556371361
-249560272587
460201610316
-719712160112
1023760371709
-1362127332826
1717432644046
-2064032101583
2367235341500
-2583013417722
2658388854497
-2532715194536
2140069083267
-1412985320522
287774205746
1288336634874
-3347992566014
5892195997016
-8876267965883
12193126470071
-15653856218149
18965835667403
-21709285766828
23314282770304
-23042510572306
19982147071606
-13071666703648
1181190333522
16698525882115
-41075800614133
71256601189235
-104147954192579
132416598958333
-142166804838149
111523593788024
-15094954107817
-152555749361494
312046321249320
-211255519191675
-330579673160678
-206509659914150
21255559909410
-41607041132250
34078698133615
-26690993261918
18337987761303
-9334732742152
0
9334732742152
-18337987761303
26690993261918
-34078698133615
41607041132250
-21255559909410
206509659914150
330579673160678
211255519191675
-312046321249320
152555749361494
15094954107817
-111523593788024
142166804838149
-132416598958333
104147954192579
-71256601189235
41075800614133
-16698525882115
-1181190333522
13071666703648
-19982147071606
23042510572306
-23314282770304
21709285766828
-18965835667403
15653856218149
-12193126470071
8876267965883
-5892195997016
3347992566014
-1288336634874
-287774205746
1412985320522
-2140069083267
2532715194536
-2658388854497
2583013417722
-2367235341500
2064032101583
-1717432644046
1362127332826
-1023760371709
719712160112
-460201610316
249560272587
-87556371361
-29328065404
106737591963
-151448167111
170561532748
-170895927067
158565140836
-138726802714
115473615416
-91837442111
69875474081
-50809173575
35190268940
-23072657037
14174108738
-8016827221
4040777277
-1902853611