-6061970528
11332866907
-21081645464
35353099844
-54968536960
80479486241
-111983250460
148922550068
-189886075942
232430250396
-272949640389
306622377082
-327458075447
328474304741
-302018683808
240247455170
-135758379206
-17639882406
224053095637
-484571441455
796349611775
-1151773559646
1537802382069
-1935576650163
2320380026847
-2662033367219
2925780967975
-3073701251337
3066643514388
-2866653229246
2439806296821
-1759332446472
808867888595
414356442398
-1896607737254
3605254811831
-5487110722158
7467725014359
-9451802346462
11324875839658
-12956301471704
14203566488096
-14917826091370
14950503368865
-14160711429882
12423192905584
-9636427077198
5730533041936
-674609316898
-5516792507049
12778247914176
-20989079878189
29969659357219
-39477414685736
49200426658531
-58744119921395
67601236425144
-75082060991102
80145246615731
-80953664131195
73543736262632
-46909759904817
-42762898547226
549626476257804
131033442336578
549626476257804
-42762898547226
-46909759904817
73543736262632
-80953664131195
80145246615731
-75082060991102
67601236425144
-58744119921395
49200426658531
-39477414685736
29969659357219
-20989079878189
12778247914176
-5516792507049
-674609316898
5730533041936
-9636427077198
12423192905584
-14160711429882
14950503368865
-14917826091370
14203566488096
-12956301471704
11324875839658
-9451802346462
7467725014359
-5487110722158
3605254811831
-1896607737254
414356442398
808867888595
-1759332446472
2439806296821
-2866653229246
3066643514388
-3073701251337
2925780967975
-2662033367219
2320380026847
-1935576650163
1537802382069
-1151773559646
796349611775
-484571441455
224053095637
-17639882406
-135758379206
240247455170
-302018683808
328474304741
-327458075447
306622377082
-272949640389
232430250396
-189886075942
148922550068
-111983250460
80479486241
-54968536960
35353099844
-21081645464
11332866907
-6061970528