-4024107756
4155364377
-5325178748
5555599415
-3900137773
-890843591
10346306613
-26206535494
50302802402
-84378750526
129856371041
-187551655044
257354883521
-337897414439
426231908498
-517565323821
605078707581
-679880309337
731127104778
-746351971477
712017685669
-614309559729
440158119457
-178463050895
-178531938555
633786602819
-1184027927285
1818441434393
-2517612974200
3252847058999
-3985985773407
4669836060790
-5249291233727
5663197480166
-5846976926861
5735969861555
-5269408221968
4394881551033
-3073109680556
1282796682521
974688004945
-3671068099705
6747620045905
-10112570179801
13639618034341
-17167704089119
20502044477461
-23416335919481
25655884885917
-26941230729248
26971595578099
-25427173505617
21968804849599
-16232849322937
7817846335792
3742596725225
-19030089304739
38830982692252
-64290574884914
97153924002965
-139953312702259
194318819654373
-234577788067615
-451187836078907
0
451187836078907
234577788067615
-194318819654373
139953312702259
-97153924002965
64290574884914
-38830982692252
19030089304739
-3742596725225
-7817846335792
16232849322937
-21968804849599
25427173505617
-26971595578099
26941230729248
-25655884885917
23416335919481
-20502044477461
17167704089119
-13639618034341
10112570179801
-6747620045905
3671068099705
-974688004945
-1282796682521
3073109680556
-4394881551033
5269408221968
-5735969861555
5846976926861
-5663197480166
5249291233727
-4669836060790
3985985773407
-3252847058999
2517612974200
-1818441434393
1184027927285
-633786602819
178531938555
178463050895
-440158119457
614309559729
-712017685669
746351971477
-731127104778
679880309337
-605078707581
517565323821
-426231908498
337897414439
-257354883521
187551655044
-129856371041
84378750526
-50302802402
26206535494
-10346306613
890843591
3900137773
-5555599415
5325178748
-4155364377
4024107756