9981567454
-19322201955
36635181995
-62500041510
98786894107
-147007147012
207963542146
-281346327200
365294679835
-455959772819
547115098852
-629864240833
692509089588
-720636371644
697482443358
-604628422217
423058915639
-134604994565
-276237790076
820154834661
-1500588192040
2311150042897
-3233011845661
4232439121657
-5258676676705
6242410724973
-7095058819186
7709161843531
-7960170581671
7709948138231
-6812348461559
5121286121232
-2501796862806
-1155292562758
5914313519868
-11770374126076
18618529772659
-26215326238326
34131778510830
-41697781247137
47940325724391
-51523093936615
50705426436926
-43358373410435
27110739414844
243414242444
-39857628230032
90149925826932
-143993372073461
184848686905199
-183627187283662
103105216449823
72594031357940
-257288713062855
168148069990670
359283043005201
178357248033420
13164853960296
20390195384948
-20106662555728
21639765116156
-22743645078990
23506462366974
-23953147796955
24100145215102
-23953147796955
23506462366974
-22743645078990
21639765116156
-20106662555728
20390195384948
13164853960296
178357248033420
359283043005201
168148069990670
-257288713062855
72594031357940
103105216449823
-183627187283662
184848686905199
-143993372073461
90149925826932
-39857628230032
243414242444
27110739414844
-43358373410435
50705426436926
-51523093936615
47940325724391
-41697781247137
34131778510830
-26215326238326
18618529772659
-11770374126076
5914313519868
-1155292562758
-2501796862806
5121286121232
-6812348461559
7709948138231
-7960170581671
7709161843531
-7095058819186
6242410724973
-5258676676705
4232439121657
-3233011845661
2311150042897
-1500588192040
820154834661
-276237790076
-134604994565
423058915639
-604628422217
697482443358
-720636371644
692509089588
-629864240833
547115098852
-455959772819
365294679835
-281346327200
207963542146
-147007147012
98786894107
-62500041510
36635181995
-19322201955
9981567454