-2183130365
1091374455
-181486614
-2339633569
7360503732
-15955851869
29327299249
-48704663965
75204208495
-109643904007
152321304603
-202765700221
259482015674
-319710253952
379230382702
-432245622484
471378823010
-487816335033
471629225737
-412292192406
299410406461
-123648596444
-122162984557
441789385157
-834284660055
1292705692080
-1802948597816
2342827462241
-2881521714139
3379517987039
-3789170325563
4055980292306
-4120682672826
3922185094736
-3401379286086
2505799477146
-1195068160360
-552965230022
2735510786503
-5317678691760
8224996875967
-11335703426998
14472868747083
-17396351715902
19794560671404
-21276032066353
21361090927790
-19474598100448
14942642883279
-7000360847442
-5172147760893
22346817390656
-44989160116645
72645227039629
-102530037097258
126363398114866
-123657191125689
49850167096780
168160615858090
-499165286698723
-185534483644778
-54700838367478
21810648481864
-11208877211775
0
11208877211775
-21810648481864
54700838367478
185534483644778
499165286698723
-168160615858090
-49850167096780
123657191125689
-126363398114866
102530037097258
-72645227039629
44989160116645
-22346817390656
5172147760893
7000360847442
-14942642883279
19474598100448
-21361090927790
21276032066353
-19794560671404
17396351715902
-14472868747083
11335703426998
-8224996875967
5317678691760
-2735510786503
552965230022
1195068160360
-2505799477146
3401379286086
-3922185094736
4120682672826
-4055980292306
3789170325563
-3379517987039
2881521714139
-2342827462241
1802948597816
-1292705692080
834284660055
-441789385157
122162984557
123648596444
-299410406461
412292192406
-471629225737
487816335033
-471378823010
432245622484
-379230382702
319710253952
-259482015674
202765700221
-152321304603
109643904007
-75204208495
48704663965
-29327299249
15955851869
-7360503732
2339633569
181486614
-1091374455
2183130365