3345798335
-6632916605
12752427900
-22043036928
35302149763
-53258601440
76456792243
-105117437621
138978795914
-177129955969
217848360052
-258458311164
295230404773
-323341208957
336915577005
-329169739515
292671223215
-219727037372
102902298094
64334765718
-286857103226
567038573816
-903864396947
1292039681481
-1721150674433
2174939961456
-2630762003880
3059285647752
-3424509172344
3684149482826
-3790460652021
3691530174828
-3333095629952
2660921158012
-1623775009336
177061886687
1712811804945
-4063219044852
6869049839578
-10095115898937
13666791367435
-17458267124317
21277552377532
-24847069285991
27778403401196
-29539640641016
29414114934885
-26451218381173
19415331011133
-6752882188568
-13368542410421
42815553619701
-82723919012055
131503619560130
-180135209850909
202270422796892
-138361857808368
-102602846432123
457101262106354
196219697921554
69911716987913
-40423466338380
43271598449010
-44420591774386
44806308623003
-44420591774386
43271598449010
-40423466338380
69911716987913
196219697921554
457101262106354
-102602846432123
-138361857808368
202270422796892
-180135209850909
131503619560130
-82723919012055
42815553619701
-13368542410421
-6752882188568
19415331011133
-26451218381173
29414114934885
-29539640641016
27778403401196
-24847069285991
21277552377532
-17458267124317
13666791367435
-10095115898937
6869049839578
-4063219044852
1712811804945
177061886687
-1623775009336
2660921158012
-3333095629952
3691530174828
-3790460652021
3684149482826
-3424509172344
3059285647752
-2630762003880
2174939961456
-1721150674433
1292039681481
-903864396947
567038573816
-286857103226
64334765718
102902298094
-219727037372
292671223215
-329169739515
336915577005
-323341208957
295230404773
-258458311164
217848360052
-177129955969
138978795914
-105117437621
76456792243
-53258601440
35302149763
-22043036928
12752427900
-6632916605
3345798335