730422060
-3737116356
8166446656
-16848649462
30870236270
-52582683225
84330910451
-128700739034
188123852652
-264556134961
358973824843
-470775091157
597074359889
-731932938824
865574783437
-983664071269
1066741819914
-1089943051475
1023137034648
-831650907350
477749333462
76954282752
-867986488701
1923257694165
-3256958195648
4862073383268
-6701588381784
8698607202851
-10725832450026
12595171992396
-14048696839865
14752826392744
-14298536191871
12211656213249
-7979034061243
1098517546254
8836752882842
-22006833796218
38172315570561
-56409792578711
74778069221390
-89952126244788
96936307961998
-89110682473476
59104357586517
-1317513739709
-82846326759972
176500897079154
-238135089639221
203655972415970
-29029501873469
-191787800483512
118819416670740
381562503055833
155421985430666
51280941116148
2969306884738
-8898062159548
19159548630455
-28434561874008
36587630708393
-43292174343634
48281937004805
-51357920375844
52397118860034
-51357920375844
48281937004805
-43292174343634
36587630708393
-28434561874008
19159548630455
-8898062159548
2969306884738
51280941116148
155421985430666
381562503055833
118819416670740
-191787800483512
-29029501873469
203655972415970
-238135089639221
176500897079154
-82846326759972
-1317513739709
59104357586517
-89110682473476
96936307961998
-89952126244788
74778069221390
-56409792578711
38172315570561
-22006833796218
8836752882842
1098517546254
-7979034061243
12211656213249
-14298536191871
14752826392744
-14048696839865
12595171992396
-10725832450026
8698607202851
-6701588381784
4862073383268
-3256958195648
1923257694165
-867986488701
76954282752
477749333462
-831650907350
1023137034648
-1089943051475
1066741819914
-983664071269
865574783437
-731932938824
597074359889
-470775091157
358973824843
-264556134961
188123852652
-128700739034
84330910451
-52582683225
30870236270
-16848649462
8166446656
-3737116356
730422060