-4553320291
5205588284
-7227580196
8664534668
-8599572656
5772695129
1416614173
-14860322771
36639017012
-68858858040
113422782827
-171743893225
244407064040
-330802957499
428755185017
-534179613849
640813155643
-740055787493
820970178451
-870479931579
873797927933
-815107991328
678504489160
-449177158752
114804890737
332897805771
-896562201003
1571574011785
-2344623949201
3192524096547
-4081416802012
4966495036000
-5792338587564
6493944692849
-6998500693843
7227907315596
-7102019545247
6542530166608
-5477384156638
3845583383159
-1602227341131
-1276356819453
4787503729426
-8897151105775
13534731869882
-18587703578483
23895070289691
-29238735413135
34330704883555
-38792832045684
42123591669912
-43642644016568
42397593184958
-37006656590113
25394227159123
-4356581355131
-31093785441499
88415658525433
-176525226342187
292530374424167
-334637289059145
-372559203221670
-31933952609590
-3294202179531
0
3294202179531
31933952609590
372559203221670
334637289059145
-292530374424167
176525226342187
-88415658525433
31093785441499
4356581355131
-25394227159123
37006656590113
-42397593184958
43642644016568
-42123591669912
38792832045684
-34330704883555
29238735413135
-23895070289691
18587703578483
-13534731869882
8897151105775
-4787503729426
1276356819453
1602227341131
-3845583383159
5477384156638
-6542530166608
7102019545247
-7227907315596
6998500693843
-6493944692849
5792338587564
-4966495036000
4081416802012
-3192524096547
2344623949201
-1571574011785
896562201003
-332897805771
-114804890737
449177158752
-678504489160
815107991328
-873797927933
870479931579
-820970178451
740055787493
-640813155643
534179613849
-428755185017
330802957499
-244407064040
171743893225
-113422782827
68858858040
-36639017012
14860322771
-1416614173
-5772695129
8599572656
-8664534668
7227580196
-5205588284
4553320291