5290400538
-6673799869
9904024821
-13042872003
15203427646
-15084723328
10946684166
-625300111
-18391459805
48821148934
-93366047673
154414960091
-233669244979
331710311925
-447527825529
578042725907
-717664932568
857933907030
-987293143536
1091054231431
-1151600250674
1148873267815
-1061179293730
866329061789
-543112305131
73084191617
557381447595
-1354840253296
2316415632655
-3427432028300
4659162384201
-5966815252432
7287887892939
-8541008238264
9625383372168
-10420966062120
10789454865030
-10576266450368
9613676941887
-7725446241011
4733456542589
-467271204350
-5221853415408
12439947780376
-21218100711927
31462223932026
-42874000825850
54826288436448
-66168271127729
74927361234607
-77874490377490
69956089198636
-43760741773678
-10251694115342
100349375435597
-220088853954005
309284433181190
-179954342503928
-384813720708872
-161691933237195
3065179295292
-12590062075794
8186303687536
-4087220529544
0
4087220529544
-8186303687536
12590062075794
-3065179295292
161691933237195
384813720708872
179954342503928
-309284433181190
220088853954005
-100349375435597
10251694115342
43760741773678
-69956089198636
77874490377490
-74927361234607
66168271127729
-54826288436448
42874000825850
-31462223932026
21218100711927
-12439947780376
5221853415408
467271204350
-4733456542589
7725446241011
-9613676941887
10576266450368
-10789454865030
10420966062120
-9625383372168
8541008238264
-7287887892939
5966815252432
-4659162384201
3427432028300
-2316415632655
1354840253296
-557381447595
-73084191617
543112305131
-866329061789
1061179293730
-1148873267815
1151600250674
-1091054231431
987293143536
-857933907030
717664932568
-578042725907
447527825529
-331710311925
233669244979
-154414960091
93366047673
-48821148934
18391459805
625300111
-10946684166
15084723328
-15203427646
13042872003
-9904024821
6673799869
-5290400538