38511212432
-67196890534
119398648088
-190595772150
280173201735
-383802359832
492122308233
-589550670749
653422960836
-653758754171
553934743958
-312600735006
-112865692963
761131806420
-1659772741391
2816277607308
-4207498238150
5768162010753
-7379502039909
8859570514155
-9957394174009
10353808406321
-9672495947893
7505365977847
-3456793899632
-2788906069937
11373553454597
-22144339761984
34511433700181
-47298850563778
58618838857142
-65822338042536
65607093308452
-54396462403313
29122736866845
11470445495697
-65006507506026
123431299979921
-171619576793387
188392480985889
-152606087205236
56770305270235
73232813944650
-165118599723657
125429576553671
60162505701749
-192154770302162
-37046889348661
355168943064913
193488337030845
160841261430882
-40826501001781
61927902550732
-52400506955672
43273467748226
-31534553646708
18045379363387
-3515492528791
-11270460275778
25507191038777
-38414054027113
49279623538078
-57502625054607
62626725000981
-64367039491338
62626725000981
-57502625054607
49279623538078
-38414054027113
25507191038777
-11270460275778
-3515492528791
18045379363387
-31534553646708
43273467748226
-52400506955672
61927902550732
-40826501001781
160841261430882
193488337030845
355168943064913
-37046889348661
-192154770302162
60162505701749
125429576553671
-165118599723657
73232813944650
56770305270235
-152606087205236
188392480985889
-171619576793387
123431299979921
-65006507506026
11470445495697
29122736866845
-54396462403313
65607093308452
-65822338042536
58618838857142
-47298850563778
34511433700181
-22144339761984
11373553454597
-2788906069937
-3456793899632
7505365977847
-9672495947893
10353808406321
-9957394174009
8859570514155
-7379502039909
5768162010753
-4207498238150
2816277607308
-1659772741391
761131806420
-112865692963
-312600735006
553934743958
-653758754171
653422960836
-589550670749
492122308233
-383802359832
280173201735
-190595772150
119398648088
-67196890534
38511212432