-1706616728
3012368013
-5425719094
8821754856
-13284922389
18782637324
-25110756792
31836612741
-38245330446
43296281629
-45598483893
43413488176
-34695991415
17179828249
11482170728
-53521359734
110797224265
-184487181476
274730866346
-380244824809
497930286275
-622502161112
746174727634
-858443726586
946008134544
-992877770372
980710742066
-889423366183
698109003518
-386294246465
-64448655710
668526580075
-1433994250808
2359886664556
-3433248965477
4625910787178
-5891064354419
7159719460932
-8337126146570
9299282732497
-9889697892981
9916670681882
-9151534645474
7328657430169
-4148631314280
-712716788749
7584667763464
-16762433022948
28432168733851
-42530372131557
58483588063291
-74732519903752
87879646159588
-91228837234200
72551194026536
-11803423241637
-115859944786734
307406358698211
-386325697518202
-295925473419887
-102241326874679
24359949612125
-18534502648134
9358487227207
0
-9358487227207
18534502648134
-24359949612125
102241326874679
295925473419887
386325697518202
-307406358698211
115859944786734
11803423241637
-72551194026536
91228837234200
-87879646159588
74732519903752
-58483588063291
42530372131557
-28432168733851
16762433022948
-7584667763464
712716788749
4148631314280
-7328657430169
9151534645474
-9916670681882
9889697892981
-9299282732497
8337126146570
-7159719460932
5891064354419
-4625910787178
3433248965477
-2359886664556
1433994250808
-668526580075
64448655710
386294246465
-698109003518
889423366183
-980710742066
992877770372
-946008134544
858443726586
-746174727634
622502161112
-497930286275
380244824809
-274730866346
184487181476
-110797224265
53521359734
-11482170728
-17179828249
34695991415
-43413488176
45598483893
-43296281629
38245330446
-31836612741
25110756792
-18782637324
13284922389
-8821754856
5425719094
-3012368013
1706616728