-41073107196
77941704547
-145769134513
245067652734
-381020569920
556268123935
-769250121601
1012366949077
-1270099534490
1517295759883
-1717906580221
1824481430713
-1778799441029
1514020760968
-958727345426
43195799872
1291873108760
-3084084669547
5335679899032
-7997942274986
10954562451094
-14005404582090
16852839337994
-19093668715675
20220741118604
-19639564099072
16706447996159
-10795766111127
1404257016272
11700961015478
-28288295378884
47428840908535
-67250534274697
84736172818690
-95669667269408
94898452599779
-77147501210302
38652679223844
20212996519443
-91539784322635
156874277904849
-187474490621811
152800612601233
-42530839044360
-100130319626084
161212740060266
-23521442100933
-223526546417211
147891884595378
320897601259520
191580113097342
68274856929384
-1792792111591
15802129372665
-16131295880194
16556290525177
-15962719461193
14598811514075
-12688048180410
10481544042922
-8236499341059
6196541558245
-4573250946572
3530217417699
-3170765384242
3530217417699
-4573250946572
6196541558245
-8236499341059
10481544042922
-12688048180410
14598811514075
-15962719461193
16556290525177
-16131295880194
15802129372665
-1792792111591
68274856929384
191580113097342
320897601259520
147891884595378
-223526546417211
-23521442100933
161212740060266
-100130319626084
-42530839044360
152800612601233
-187474490621811
156874277904849
-91539784322635
20212996519443
38652679223844
-77147501210302
94898452599779
-95669667269408
84736172818690
-67250534274697
47428840908535
-28288295378884
11700961015478
1404257016272
-10795766111127
16706447996159
-19639564099072
20220741118604
-19093668715675
16852839337994
-14005404582090
10954562451094
-7997942274986
5335679899032
-3084084669547
1291873108760
43195799872
-958727345426
1514020760968
-1778799441029
1824481430713
-1717906580221
1517295759883
-1270099534490
1012366949077
-769250121601
556268123935
-381020569920
245067652734
-145769134513
77941704547
-41073107196