3330098544
-1249987673
-700353297
5553755380
-14839072908
30397527214
-54275501028
88549576357
-135076733399
195170024000
-269208064078
356197520403
-453319779301
555503279880
-655072268017
741531831128
-801553206189
819221638908
-776604213521
654683050077
-434678807664
99765047751
362856365099
-959586722138
1687874001758
-2533611400612
3468675332509
-4448819676089
5412170184202
-6278589769272
6950195217905
-7313316640260
7242199307365
-6604746162932
5270623425710
-3122071386848
67827940144
3939345069381
-8880909089743
14645794104141
-20997729613496
27535754703897
-33647421936990
38455643266956
-40763792099162
39012033055310
-31275687303637
15372729329718
10782069538667
-48310908331066
95524335838698
-144391240853580
174782624025626
-148214863480720
13002137664480
235624196588609
-351566107329481
-290456535207602
-121339730281085
22618556212005
-26743750866194
21039627036319
-14591163554387
7467788242261
0
-7467788242261
14591163554387
-21039627036319
26743750866194
-22618556212005
121339730281085
290456535207602
351566107329481
-235624196588609
-13002137664480
148214863480720
-174782624025626
144391240853580
-95524335838698
48310908331066
-10782069538667
-15372729329718
31275687303637
-39012033055310
40763792099162
-38455643266956
33647421936990
-27535754703897
20997729613496
-14645794104141
8880909089743
-3939345069381
-67827940144
3122071386848
-5270623425710
6604746162932
-7242199307365
7313316640260
-6950195217905
6278589769272
-5412170184202
4448819676089
-3468675332509
2533611400612
-1687874001758
959586722138
-362856365099
-99765047751
434678807664
-654683050077
776604213521
-819221638908
801553206189
-741531831128
655072268017
-555503279880
453319779301
-356197520403
269208064078
-195170024000
135076733399
-88549576357
54275501028
-30397527214
14839072908
-5553755380
700353297
1249987673
-3330098544