-13859942367
27572690063
-53058370046
91707044454
-146727139329
220927842045
-316174392780
432729229083
-568497116544
718227735725
-872734709001
1018216875073
-1135784642657
1201301277021
-1185668919343
1055678707007
-775545704029
309232792959
376365765753
-1307338793026
2497788768002
-3944058296035
5618309700813
-7461724391574
9377708568312
-11225654053660
12816012858513
-13907710698008
14209282784721
-13385580011028
11072485779584
-6902813383051
547385826051
8223896710805
-19455719251305
32890944668689
-47822022232133
62915192866078
-76027731923044
84067745772582
-82997246809871
68160196427552
-35226988874639
-17848869959191
87493683311462
-159922130936503
207085748420686
-188857990820665
73434795795887
109965675158748
-203091096985781
-20412802111705
355776439354241
236497664391679
79268736614184
13472067504798
-7589778324977
14330063081757
-19675848911034
24437098593467
-28477761280285
31711292721646
-34069682979632
35504223500938
-35985655806166
35504223500938
-34069682979632
31711292721646
-28477761280285
24437098593467
-19675848911034
14330063081757
-7589778324977
13472067504798
79268736614184
236497664391679
355776439354241
-20412802111705
-203091096985781
109965675158748
73434795795887
-188857990820665
207085748420686
-159922130936503
87493683311462
-17848869959191
-35226988874639
68160196427552
-82997246809871
84067745772582
-76027731923044
62915192866078
-47822022232133
32890944668689
-19455719251305
8223896710805
547385826051
-6902813383051
11072485779584
-13385580011028
14209282784721
-13907710698008
12816012858513
-11225654053660
9377708568312
-7461724391574
5618309700813
-3944058296035
2497788768002
-1307338793026
376365765753
309232792959
-775545704029
1055678707007
-1185668919343
1201301277021
-1135784642657
1018216875073
-872734709001
718227735725
-568497116544
432729229083
-316174392780
220927842045
-146727139329
91707044454
-53058370046
27572690063
-13859942367