3306343362
-6193304244
11533967178
-19362913597
30139299958
-44177998268
61548679208
-81965831674
104678713889
-128372202085
151093503587
-170219068450
182476866490
-184038304668
170689352814
-138087277174
82102144666
766075575
-112911171153
255111819808
-426025210605
621724349547
-835326998334
1056765737135
-1272746559527
1466939567813
-1620434846999
1712482229283
-1721517310136
1626454873957
-1408208434060
1051372925243
-545985743837
-110736920982
912804174754
-1844117917515
2877526384520
-3974377021015
5084664050259
-6147840171147
7094328398555
-7847730212122
8327683173130
-8453277216353
8146895606931
-7338308818209
5968819924574
-3995239211890
1393457573524
1838605442267
-5678883868370
10080049920629
-14969527006891
20250701408122
-25805340360299
31497158001267
-37176404578935
42685292857904
-47864023013957
52557126555371
-56619823822349
59924080600609
-62364058154289
63860677586287
935634937844686
63860677586287
-62364058154289
59924080600609
-56619823822349
52557126555371
-47864023013957
42685292857904
-37176404578935
31497158001267
-25805340360299
20250701408122
-14969527006891
10080049920629
-5678883868370
1838605442267
1393457573524
-3995239211890
5968819924574
-7338308818209
8146895606931
-8453277216353
8327683173130
-7847730212122
7094328398555
-6147840171147
5084664050259
-3974377021015
2877526384520
-1844117917515
912804174754
-110736920982
-545985743837
1051372925243
-1408208434060
1626454873957
-1721517310136
1712482229283
-1620434846999
1466939567813
-1272746559527
1056765737135
-835326998334
621724349547
-426025210605
255111819808
-112911171153
766075575
82102144666
-138087277174
170689352814
-184038304668
182476866490
-170219068450
151093503587
-128372202085
104678713889
-81965831674
61548679208
-44177998268
30139299958
-19362913597
11533967178
-6193304244
3306343362