-13191736291
-3957618563
24150240119
-66432703345
141166935875
-260815443988
439009132879
-689138737673
1022346135283
-1444866884007
1954756468074
-2538118727932
3165071809084
-3785812713597
4327282129569
-4691085310175
4753476650106
-4368354397423
3374318606671
-1606894515341
-1083021145259
4803632755170
-9589209106207
15359874664796
-21875827707856
28689535937850
-35102319305039
40135737303454
-42533502432336
40816081289273
-33416926512903
18934327900540
3468264324466
-33496117341861
69017416253673
-105334741095311
134710691586670
-146662405254103
129811785058191
-76204124090672
-11466757224055
111215212557272
-177599944811557
154532946591288
-20162438911842
-142338548810853
130273500848474
155588920483852
-276755086983323
-268492945039378
-167711372176368
-17109204119653
-19045920907621
6874285289691
-1475223606761
-3826560392865
8166709951997
-11338230842593
13192339333661
-13674944525135
12828467906013
-10788049160456
7771638650248
-4064624642550
0
4064624642550
-7771638650248
10788049160456
-12828467906013
13674944525135
-13192339333661
11338230842593
-8166709951997
3826560392865
1475223606761
-6874285289691
19045920907621
17109204119653
167711372176368
268492945039378
276755086983323
-155588920483852
-130273500848474
142338548810853
20162438911842
-154532946591288
177599944811557
-111215212557272
11466757224055
76204124090672
-129811785058191
146662405254103
-134710691586670
105334741095311
-69017416253673
33496117341861
-3468264324466
-18934327900540
33416926512903
-40816081289273
42533502432336
-40135737303454
35102319305039
-28689535937850
21875827707856
-15359874664796
9589209106207
-4803632755170
1083021145259
1606894515341
-3374318606671
4368354397423
-4753476650106
4691085310175
-4327282129569
3785812713597
-3165071809084
2538118727932
-1954756468074
1444866884007
-1022346135283
689138737673
-439009132879
260815443988
-141166935875
66432703345
-24150240119
3957618563
13191736291