1522697811
-1159075526
1044961104
-185169682
-1909932730
5849342154
-12335936663
22118717412
-35920038596
54337635818
-77723577109
106045529798
-138739827398
174568390257
-211495216719
246601199243
-276055787813
295164597595
-298510887697
280202308180
-234230228746
154940083820
-37600117343
-120952120835
321621742435
-562369584643
837582582041
-1137561598011
1448193381884
-1750870832373
2022721901120
-2237196956619
2365049030752
-2375721494863
2239133910464
-1927830277907
1419426814080
-699269486478
-236812347004
1379788239015
-2704889676209
4169401701478
-5710925325349
7246236318539
-8670839401918
9859281831916
-10666248328469
10928418156956
-10467031700316
9091111783917
-6601351282311
2794905629701
2528080792254
-9553935124930
18435051892851
-29244658524829
41867188458426
-55713147386848
68918213273503
-75856715102126
58283432071934
52755216360335
-576914127975030
-55564355120197
0
55564355120197
576914127975030
-52755216360335
-58283432071934
75856715102126
-68918213273503
55713147386848
-41867188458426
29244658524829
-18435051892851
9553935124930
-2528080792254
-2794905629701
6601351282311
-9091111783917
10467031700316
-10928418156956
10666248328469
-9859281831916
8670839401918
-7246236318539
5710925325349
-4169401701478
2704889676209
-1379788239015
236812347004
699269486478
-1419426814080
1927830277907
-2239133910464
2375721494863
-2365049030752
2237196956619
-2022721901120
1750870832373
-1448193381884
1137561598011
-837582582041
562369584643
-321621742435
120952120835
37600117343
-154940083820
234230228746
-280202308180
298510887697
-295164597595
276055787813
-246601199243
211495216719
-174568390257
138739827398
-106045529798
77723577109
-54337635818
35920038596
-22118717412
12335936663
-5849342154
1909932730
185169682
-1044961104
1159075526
-1522697811