-7974485443
15134540599
-28386298509
47958523548
-75103008747
110743762399
-155218437038
207989958552
-267347751686
330126019051
-391476380678
444731044688
-481399293405
491336594250
-463118149929
384643241124
-243978054840
30428350618
264185960564
-644109593140
1108159004966
-1648255224911
2248101360648
-2882133107970
3514879028554
-4100866912462
4585198207374
-4904895570421
4991100977499
-4772164372730
4177626587119
-3143061162307
1615702162587
439242113895
-3031705810665
6139429284165
-9700267295445
13604200060864
-17685051918083
21711866370425
-25379852991564
28300870719000
-29993655515093
29874646695394
-27251730020463
21326283245969
-11215064129495
-3984485265124
25038943613898
-52244357635415
84747894841976
-119242874694045
147625008401550
-153305252192525
107343230811116
27401877224825
-250827801096465
350841333283880
309284769407049
98247919671170
-13403763510491
17411724254702
-16241761230347
15550331138145
-15313539516981
15550331138145
-16241761230347
17411724254702
-13403763510491
98247919671170
309284769407049
350841333283880
-250827801096465
27401877224825
107343230811116
-153305252192525
147625008401550
-119242874694045
84747894841976
-52244357635415
25038943613898
-3984485265124
-11215064129495
21326283245969
-27251730020463
29874646695394
-29993655515093
28300870719000
-25379852991564
21711866370425
-17685051918083
13604200060864
-9700267295445
6139429284165
-3031705810665
439242113895
1615702162587
-3143061162307
4177626587119
-4772164372730
4991100977499
-4904895570421
4585198207374
-4100866912462
3514879028554
-2882133107970
2248101360648
-1648255224911
1108159004966
-644109593140
264185960564
30428350618
-243978054840
384643241124
-463118149929
491336594250
-481399293405
444731044688
-391476380678
330126019051
-267347751686
207989958552
-155218437038
110743762399
-75103008747
47958523548
-28386298509
15134540599
-7974485443